38
0          0.0000000 4.7710609 5.9435091 8.9999981 7.2210995 8.9999986 8.9999983 8.9999989 8.6444280 5.1393331 4.8704506 5.1006765 4.7473367 8.9999990 8.9999987 8.9999985 8.9999989 6.0893599 5.6777153 5.1394559 5.4199559 8.9999989 8.9999980 6.0516495 5.8207604 6.9360962 3.9253978 8.9999986 8.9999980 8.9999989 8.9999984 5.8098097 8.9999984 5.9601283 8.9999990 8.9999981 8.9999985 8.9999987 
6          4.7710609 0.0000000 3.1232351 8.9999981 8.9999988 8.2400153 8.9999989 6.5485452 8.9999987 8.9999982 8.9999986 4.0199187 3.9596933 8.9999984 8.9999988 8.9999984 8.9999985 8.9999985 8.9999985 8.9999986 6.5460437 8.9999989 8.9999986 4.8474167 9.0000000 4.4593125 8.9999988 8.9999982 8.9999990 6.4515263 8.7364536 8.9999982 8.9999986 8.9999988 8.6020089 8.9999985 8.9999984 8.3103590 
16         5.9435091 3.1232351 0.0000000 8.9999984 7.2394402 8.1691916 8.9999990 8.9999989 8.9999988 6.5063233 8.9999986 8.9999990 8.9999985 8.0810084 7.8421323 3.9457835 7.2408357 8.9999986 5.3001378 8.9999985 8.9999983 3.2662352 4.5950924 8.9999985 5.3493165 5.4832516 8.9999982 8.9999986 6.3112176 8.8726354 8.9999983 7.0365468 6.9682841 8.9999988 8.9999984 8.9999989 7.1762688 4.6311613 
33         8.9999981 8.9999981 8.9999984 0.0000000 8.9999987 6.2165108 8.9999989 7.5921495 8.9999988 8.9999988 4.9739718 8.9999986 8.9999986 5.1904134 8.9999987 8.9999985 8.9999990 8.9999986 7.1859249 7.6705174 9.0000000 8.9999982 5.3270486 8.9999983 8.9999984 8.9999987 8.9999982 3.1068789 8.9999985 8.9999983 5.9882037 8.9549016 8.9999981 6.9454105 6.2965142 6.7519331 7.9399693 8.9999987 
31         7.2210995 8.9999988 7.2394402 8.9999987 0.0000000 6.3439581 8.9999987 3.8397512 8.9999990 7.5191936 8.9999988 8.9999981 6.7818921 6.7283415 8.9999990 8.9999986 8.9999985 8.9999985 5.6746916 8.9999987 5.8027105 8.9999982 8.9999990 8.9999985 5.8107224 7.4577724 8.9999984 8.9999983 7.5666477 8.9999990 8.9999984 5.1107556 4.9272826 8.9999983 8.9999983 8.9999989 4.7558722 8.9999981 
32         8.9999986 8.2400153 8.1691916 6.2165108 6.3439581 0.0000000 6.4219576 8.9999985 8.9999987 6.9070055 8.9999985 9.0000000 8.9999989 8.9999984 4.5326611 8.9430426 6.2849212 8.9999984 6.0823022 8.9999988 8.7511519 4.7070984 9.0000000 8.9999983 8.9999988 8.9999989 8.9999982 8.9999984 8.9999983 8.9999988 8.9999984 4.2548282 6.0222086 8.9999983 8.9999987 8.9999983 8.9999986 9.0000000 
24         8.9999983 8.9999989 8.9999990 8.9999989 8.9999987 6.4219576 0.0000000 8.9999986 8.9999988 8.9999986 8.9999988 5.9334165 8.9999985 7.3622033 8.9999989 8.9999986 5.2540347 8.9999990 8.9999985 8.9999989 7.2341479 8.9999990 8.9999988 5.9589504 4.3528759 8.9999989 8.9999989 8.9999988 5.8144490 8.9999984 8.9999982 8.9999985 7.4627237 8.9999980 8.9999980 8.9999988 4.0175285 9.0000000 
22         8.9999989 6.5485452 8.9999989 7.5921495 3.8397512 8.9999985 8.9999986 0.0000000 8.9999985 8.9999981 4.4811223 8.9999987 8.9999986 8.9999988 5.8620439 4.4804588 7.2873235 3.9548176 8.9999980 8.9999983 8.9999989 8.9999989 8.9999985 8.9999981 8.9999989 8.9999986 8.9999985 6.1800914 4.9425232 5.1431884 5.7355951 8.9999985 8.4859513 4.9835040 8.9999990 8.9999980 8.9999988 5.2218648 
20         8.6444280 8.9999987 8.9999988 8.9999988 8.9999990 8.9999987 8.9999988 8.9999985 0.0000000 8.9999984 4.8582647 8.9999990 8.9999981 4.5010690 5.3372629 8.9999984 8.9999985 4.4221765 8.9999989 6.7379482 8.9999985 8.9999983 4.3712555 4.7785777 8.9999989 8.9999988 8.9999988 5.5112268 8.9999989 7.4929341 6.6600719 7.3562760 8.9999985 8.3173751 5.1094194 8.9999990 8.9999987 8.9999989 
19         5.1393331 8.9999982 6.5063233 8.9999988 7.5191936 6.9070055 8.9999986 8.9999981 8.9999984 0.0000000 8.9999983 8.9999986 8.9999985 8.9999983 8.9999981 8.9999980 7.7293411 8.9999980 8.9999987 8.4938973 8.9999989 8.9999988 8.9999988 6.8828405 3.5282398 8.9999983 8.9999989 8.9999982 4.5313389 8.9999990 6.8224065 8.9999987 8.9999981 8.9999987 8.9999989 4.0153092 8.9999981 8.9999985 
18         4.8704506 8.9999986 8.9999986 4.9739718 8.9999988 8.9999985 8.9999988 4.4811223 4.8582647 8.9999983 0.0000000 4.6592355 5.4319573 4.2648704 5.3497142 8.2897131 6.1281058 8.9999981 7.6494076 8.9999982 8.9999985 8.9999986 8.9999987 3.8661043 8.9999989 4.4503092 9.0000000 8.9999983 8.9999986 4.0410489 8.9999984 9.0000000 8.9999990 8.9999986 8.9999982 8.9999987 5.3411351 8.9999986 
7          5.1006765 4.0199187 8.9999990 8.9999986 8.9999981 9.0000000 5.9334165 8.9999987 8.9999990 8.9999986 4.6592355 0.0000000 6.9540241 6.7433696 8.9999981 5.3126951 6.7431936 6.0792766 5.7242836 8.9999988 8.9999985 8.9999985 5.8282496 4.3623463 5.5077097 8.9999987 8.9999983 8.9999989 5.2880416 5.0953939 8.9999988 8.9999986 8.9999988 9.0000000 8.9999980 8.9999988 8.9999987 8.9999987 
23         4.7473367 3.9596933 8.9999985 8.9999986 6.7818921 8.9999989 8.9999985 8.9999986 8.9999981 8.9999985 5.4319573 6.9540241 0.0000000 5.1030380 5.0151766 8.9999987 8.9999984 8.9999988 8.9999988 8.1632275 9.0000000 9.0000000 9.0000000 4.4105187 8.9999982 5.4760496 9.0000000 4.5346923 8.9999982 8.9999982 5.8155985 6.6753790 5.7307959 8.9999987 6.4601125 8.9999986 8.9999985 6.7662889 
35         8.9999990 8.9999984 8.0810084 5.1904134 6.7283415 8.9999984 7.3622033 8.9999988 4.5010690 8.9999983 4.2648704 6.7433696 5.1030380 0.0000000 4.8002957 7.3236427 7.1236924 4.0035969 8.9999983 8.9999984 4.4813212 7.4371745 3.5452688 8.2283856 8.9999987 7.6020761 8.9999988 8.9999988 5.0894432 8.1792268 8.9999989 5.5399613 8.9999982 3.8281192 5.4526196 5.3900492 8.9999984 9.0000000 
17         8.9999987 8.9999988 7.8421323 8.9999987 8.9999990 4.5326611 8.9999989 5.8620439 5.3372629 8.9999981 5.3497142 8.9999981 5.0151766 4.8002957 0.0000000 3.6139063 6.7480987 8.9999990 8.9999989 8.9999986 5.9615456 5.9533020 8.9999981 8.9724096 8.6793492 8.9999984 8.9999987 4.3771807 9.0000000 8.9999987 8.9999982 8.9999981 8.9999988 8.9999987 4.6844956 7.6049694 5.7186139 8.9999989 
28         8.9999985 8.9999984 3.9457835 8.9999985 8.9999986 8.9430426 8.9999986 4.4804588 8.9999984 8.9999980 8.2897131 5.3126951 8.9999987 7.3236427 3.6139063 0.0000000 8.9999990 8.9999990 8.9999989 7.9643658 8.9999984 8.9999987 8.9999989 7.6255557 3.5336568 8.9999985 8.9999986 4.0309238 5.0685396 8.9999989 8.9999987 8.9999983 8.9999987 8.9999981 6.8982709 8.9999985 8.9999985 8.9999987 
26         8.9999989 8.9999985 7.2408357 8.9999990 8.9999985 6.2849212 5.2540347 7.2873235 8.9999985 7.7293411 6.1281058 6.7431936 8.9999984 7.1236924 6.7480987 8.9999990 0.0000000 8.9999986 8.9999988 4.7798490 8.9999986 3.8811411 8.9999988 8.9999980 8.9999986 8.9999983 8.9999988 8.9999986 8.9999985 8.9999986 8.9999984 8.7869082 8.9999986 8.9999984 8.9999982 2.8225980 7.8027961 8.9999987 
30         6.0893599 8.9999985 8.9999986 8.9999986 8.9999985 8.9999984 8.9999990 3.9548176 4.4221765 8.9999980 8.9999981 6.0792766 8.9999988 4.0035969 8.9999990 8.9999990 8.9999986 0.0000000 3.3920099 7.9604211 6.9565096 8.8514805 8.9999984 3.5201563 8.9999986 6.1517568 6.3973807 8.9999986 8.9999984 5.8603252 7.1699004 9.0000000 4.7484972 4.5288975 8.0292454 7.7278920 5.4975567 8.9999981 
37         5.6777153 8.9999985 5.3001378 7.1859249 5.6746916 6.0823022 8.9999985 8.9999980 8.9999989 8.9999987 7.6494076 5.7242836 8.9999988 8.9999983 8.9999989 8.9999989 8.9999988 3.3920099 0.0000000 8.9999985 8.9999989 8.9999985 6.6791678 6.6197242 4.8533569 6.4414790 8.9999984 8.9999990 8.9999986 4.8217711 8.9999987 5.9883809 8.9999989 8.9999986 7.1785567 8.9999990 8.0780472 7.9178344 
12         5.1394559 8.9999986 8.9999985 7.6705174 8.9999987 8.9999988 8.9999989 8.9999983 6.7379482 8.4938973 8.9999982 8.9999988 8.1632275 8.9999984 8.9999986 7.9643658 4.7798490 7.9604211 8.9999985 0.0000000 8.9999988 8.9999984 8.9999987 7.8377080 8.7932017 8.9999989 8.9999989 5.4371705 8.5917037 8.9999985 8.9999982 4.2132750 8.9999981 8.9999986 8.0336974 8.9999984 8.9999989 4.4276398 
11         5.4199559 6.5460437 8.9999983 9.0000000 5.8027105 8.7511519 7.2341479 8.9999989 8.9999985 8.9999989 8.9999985 8.9999985 9.0000000 4.4813212 5.9615456 8.9999984 8.9999986 6.9565096 8.9999989 8.9999988 0.0000000 8.9999983 8.9999982 8.9999983 8.9999983 8.9999985 8.9999981 7.4431999 8.9999986 8.9999989 8.9999985 9.0000000 8.9999988 4.3979971 4.0203022 7.6220172 7.1411112 7.9441806 
5          8.9999989 8.9999989 3.2662352 8.9999982 8.9999982 4.7070984 8.9999990 8.9999989 8.9999983 8.9999988 8.9999986 8.9999985 9.0000000 7.4371745 5.9533020 8.9999987 3.8811411 8.8514805 8.9999985 8.9999984 8.9999983 0.0000000 8.9999985 8.9999982 8.9999985 8.9999980 8.9999990 8.1886781 6.5440741 8.9999983 8.9999989 8.9999981 4.9019778 8.9999981 8.9999982 8.9999989 8.9999989 4.4280510 
8          8.9999980 8.9999986 4.5950924 5.3270486 8.9999990 9.0000000 8.9999988 8.9999985 4.3712555 8.9999988 8.9999987 5.8282496 9.0000000 3.5452688 8.9999981 8.9999989 8.9999988 8.9999984 6.6791678 8.9999987 8.9999982 8.9999985 0.0000000 4.5558622 7.5442001 8.9999987 7.5588117 8.9999984 8.9999981 8.9999989 8.9999984 8.9999981 8.9999984 8.9999983 5.5244235 6.0389531 8.9999989 8.9999981 
25         6.0516495 4.8474167 8.9999985 8.9999983 8.9999985 8.9999983 5.9589504 8.9999981 4.7785777 6.8828405 3.8661043 4.3623463 4.4105187 8.2283856 8.9724096 7.6255557 8.9999980 3.5201563 6.6197242 7.8377080 8.9999983 8.9999982 4.5558622 0.0000000 4.3715531 8.9999983 8.9999985 8.9999983 9.0000000 8.9999983 8.6802903 8.9999988 8.9999988 4.4798807 8.9999990 4.9502826 8.9999985 8.9999983 
21         5.8207604 9.0000000 5.3493165 8.9999984 5.8107224 8.9999988 4.3528759 8.9999989 8.9999989 3.5282398 8.9999989 5.5077097 8.9999982 8.9999987 8.6793492 3.5336568 8.9999986 8.9999986 4.8533569 8.7932017 8.9999983 8.9999985 7.5442001 4.3715531 0.0000000 8.9999985 8.9999987 8.9999988 7.4632323 5.6389832 8.9999983 5.6392756 8.9999984 8.9999988 8.9999981 8.9999985 5.1154716 8.9999983 
15         6.9360962 4.4593125 5.4832516 8.9999987 7.4577724 8.9999989 8.9999989 8.9999986 8.9999988 8.9999983 4.4503092 8.9999987 5.4760496 7.6020761 8.9999984 8.9999985 8.9999983 6.1517568 6.4414790 8.9999989 8.9999985 8.9999980 8.9999987 8.9999983 8.9999985 0.0000000 4.9678099 8.9999987 7.9507405 6.0970562 8.9999987 8.9999982 8.9999985 6.9686934 8.9999986 8.9999987 4.9796964 7.6780596 
13         3.9253978 8.9999988 8.9999982 8.9999982 8.9999984 8.9999982 8.9999989 8.9999985 8.9999988 8.9999989 9.0000000 8.9999983 9.0000000 8.9999988 8.9999987 8.9999986 8.9999988 6.3973807 8.9999984 8.9999989 8.9999981 8.9999990 7.5588117 8.9999985 8.9999987 4.9678099 0.0000000 8.9999990 8.9999988 8.9999987 8.9999987 5.6392734 8.9999989 3.5149974 9.0000000 8.9999984 6.0898301 8.1969034 
10         8.9999986 8.9999982 8.9999986 3.1068789 8.9999983 8.9999984 8.9999988 6.1800914 5.5112268 8.9999982 8.9999983 8.9999989 4.5346923 8.9999988 4.3771807 4.0309238 8.9999986 8.9999986 8.9999990 5.4371705 7.4431999 8.1886781 8.9999984 8.9999983 8.9999988 8.9999987 8.9999990 0.0000000 6.2424462 8.9999987 4.3052055 6.7360577 8.9999988 4.0242525 8.9999990 7.5434854 6.7738714 7.5766315 
14         8.9999980 8.9999990 6.3112176 8.9999985 7.5666477 8.9999983 5.8144490 4.9425232 8.9999989 4.5313389 8.9999986 5.2880416 8.9999982 5.0894432 9.0000000 5.0685396 8.9999985 8.9999984 8.9999986 8.5917037 8.9999986 6.5440741 8.9999981 9.0000000 7.4632323 7.9507405 8.9999988 6.2424462 0.0000000 6.1461504 8.9999988 7.0348290 8.9999987 8.9999982 4.9777652 8.9999988 8.9999989 8.9999981 
29         8.9999989 6.4515263 8.8726354 8.9999983 8.9999990 8.9999988 8.9999984 5.1431884 7.4929341 8.9999990 4.0410489 5.0953939 8.9999982 8.1792268 8.9999987 8.9999989 8.9999986 5.8603252 4.8217711 8.9999985 8.9999989 8.9999983 8.9999989 8.9999983 5.6389832 6.0970562 8.9999987 8.9999987 6.1461504 0.0000000 8.9999984 9.0000000 8.9999986 4.5633543 5.2884554 9.0000000 8.9999986 3.3502620 
34         8.9999984 8.7364536 8.9999983 5.9882037 8.9999984 8.9999984 8.9999982 5.7355951 6.6600719 6.8224065 8.9999984 8.9999988 5.8155985 8.9999989 8.9999982 8.9999987 8.9999984 7.1699004 8.9999987 8.9999982 8.9999985 8.9999989 8.9999984 8.6802903 8.9999983 8.9999987 8.9999987 4.3052055 8.9999988 8.9999984 0.0000000 8.9999987 8.9999981 9.0000000 8.9999983 6.1340359 5.5821064 5.8182697 
36         5.8098097 8.9999982 7.0365468 8.9549016 5.1107556 4.2548282 8.9999985 8.9999985 7.3562760 8.9999987 9.0000000 8.9999986 6.6753790 5.5399613 8.9999981 8.9999983 8.7869082 9.0000000 5.9883809 4.2132750 9.0000000 8.9999981 8.9999981 8.9999988 5.6392756 8.9999982 5.6392734 6.7360577 7.0348290 9.0000000 8.9999987 0.0000000 5.8010901 6.9791390 8.9999986 9.0000000 8.9999980 8.9999988 
4          8.9999984 8.9999986 6.9682841 8.9999981 4.9272826 6.0222086 7.4627237 8.4859513 8.9999985 8.9999981 8.9999990 8.9999988 5.7307959 8.9999982 8.9999988 8.9999987 8.9999986 4.7484972 8.9999989 8.9999981 8.9999988 4.9019778 8.9999984 8.9999988 8.9999984 8.9999985 8.9999989 8.9999988 8.9999987 8.9999986 8.9999981 5.8010901 0.0000000 8.9999985 4.7582769 6.6303493 8.9999982 4.1709165 
27         5.9601283 8.9999988 8.9999988 6.9454105 8.9999983 8.9999983 8.9999980 4.9835040 8.3173751 8.9999987 8.9999986 9.0000000 8.9999987 3.8281192 8.9999987 8.9999981 8.9999984 4.5288975 8.9999986 8.9999986 4.3979971 8.9999981 8.9999983 4.4798807 8.9999988 6.9686934 3.5149974 4.0242525 8.9999982 4.5633543 9.0000000 6.9791390 8.9999985 0.0000000 8.9999988 8.9999990 9.0000000 8.9999990 
9          8.9999990 8.6020089 8.9999984 6.2965142 8.9999983 8.9999987 8.9999980 8.9999990 5.1094194 8.9999989 8.9999982 8.9999980 6.4601125 5.4526196 4.6844956 6.8982709 8.9999982 8.0292454 7.1785567 8.0336974 4.0203022 8.9999982 5.5244235 8.9999990 8.9999981 8.9999986 9.0000000 8.9999990 4.9777652 5.2884554 8.9999983 8.9999986 4.7582769 8.9999988 0.0000000 8.9999981 8.1992372 8.9999987 
3          8.9999981 8.9999985 8.9999989 6.7519331 8.9999989 8.9999983 8.9999988 8.9999980 8.9999990 4.0153092 8.9999987 8.9999988 8.9999986 5.3900492 7.6049694 8.9999985 2.8225980 7.7278920 8.9999990 8.9999984 7.6220172 8.9999989 6.0389531 4.9502826 8.9999985 8.9999987 8.9999984 7.5434854 8.9999988 9.0000000 6.1340359 9.0000000 6.6303493 8.9999990 8.9999981 0.0000000 8.9999984 8.9999988 
2          8.9999985 8.9999984 7.1762688 7.9399693 4.7558722 8.9999986 4.0175285 8.9999988 8.9999987 8.9999981 5.3411351 8.9999987 8.9999985 8.9999984 5.7186139 8.9999985 7.8027961 5.4975567 8.0780472 8.9999989 7.1411112 8.9999989 8.9999989 8.9999985 5.1154716 4.9796964 6.0898301 6.7738714 8.9999989 8.9999986 5.5821064 8.9999980 8.9999982 9.0000000 8.1992372 8.9999984 0.0000000 8.9999985 
1          8.9999987 8.3103590 4.6311613 8.9999987 8.9999981 9.0000000 9.0000000 5.2218648 8.9999989 8.9999985 8.9999986 8.9999987 6.7662889 9.0000000 8.9999989 8.9999987 8.9999987 8.9999981 7.9178344 4.4276398 7.9441806 4.4280510 8.9999981 8.9999983 8.9999983 7.6780596 8.1969034 7.5766315 8.9999981 3.3502620 5.8182697 8.9999988 4.1709165 8.9999990 8.9999987 8.9999988 8.9999985 0.0000000 
